1123
1045
464
1561
896
1585
494
193
500
1527
1883
174
480
137
1124
155
701
1212
467
1595
1531
509
664
1896
106
1994
798
943
1311
1862
821
1415
731
157
1356
552
1397
844
1248
340
1465
132
643
166
1647
773
557
90
74
1932
1433
143
1057
1013
1496
1751
987
471
1635
1985
884
504
92
1610
1474
691
622
790
1003
1210
955
657
1485
787
181
1450
1330
1644
349
1980
1346
1714
146
373
827
160
1213
1381
596
839
949
29
1327
1793
970
675
678
1512
387
210
841
1407
179
1314
419
95
723
1715
597
1218
301
1380
1990
1866
398
1363
997
1731
270
591
1476
718
133
1336
1273
851
637
803
1103
1313
810
1798
1835
30
604
1944
1875
118
328
1632
1665
1422
914
322
1296
1030
1616
144
532
836
320
447
1068
1413
1309
876
1438
804
1841
497
393
1617
933
1809
1026
1940
1663
1654
1806
439
44
517
14
1242
8
1970
774
811
291
1815
910
959
720
847
607
1839
1047
794
1583
1620
1529
712
1591
952
528
283
466
310
1998
858
475
441
679
805
1220
1039
1795
1692
1340
1636
1567
765
1986
1688
61
1670
359
1204
1377
727
665
399
487
1629
249
1458
817
862
1453
1114
366
426
1285
1160
1166
97
730
1149
123
1021
1621
649
1951
1142
1861
826
1904
31
1774
1843
995
17
1558
37
76
250
1709
544
403
638
1480
714
670
651
195
1396
558
911
1025
1503
1329
1008
1777
583
479
695
1120
1059
1689
885
1195
462
77
890
1838
1088
1755
1770
1645
287
950
121
214
602
1925
961
1281
453
1414
1501
1132
753
1853
1878
984
1984
573
1522
837
1129
1974
1576
937
1941
1650
574
361
1559
1542
1834
1959
1402
262
1749
1398
408
1684
264
240
192
274
483
442
1588
342
16
1431
228
1681
554
760
273
390
1992
1915
234
1324
1177
503
527
717
99
1249
456
191
103
842
1165
326
652
1287
1850
1885
1614
1535
1827
999
1660
1564
1801
646
1961
489
919
936
1729
1425
104
1182
450
50
1214
1757
1043
795
1871
417
1357
1091
667
384
1752
1911
1964
1162
1359
457
368
1423
1648
331
295
1174
1399
1404
257
1014
1019
908
736
785
1257
1556
1557
567
729
1671
96
877
502
1604
86
960
1362
1539
569
36
666
337
1819
850
1074
7
576
706
647
586
45
1280
1532
199
1782
286
1477
1948
397
212
732
1225
461
1888
1038
1454
1967
989
921
1411
197
930
1121
1890
1044
1831
490
1321
230
1075
1702
254
1578
1799
266
1753
1768
477
1087
768
1290
445
1712
1686
1005
1062
1494
298
700
1064
105
1679
55
589
1823
1833
1553
392
615
1229
1370
1394
251
1832
1573
735
172
1844
983
42
1179
1514
1466
1675
1190
338
523
1053
1733
491
1080
1445
1139
1081
1169
743
1624
374
945
89
713
515
1816
1469
1392
1385
1294
1674
23
459
1744
1009
1804
51
674
111
1899
778
1846
968
566
966
793
721
1493
333
1089
616
530
443
1698
159
94
725
856
924
1341
1301
396
1847
1894
1437
348
507
859
1108
556
1829
119
186
256
1128
167
1766
1263
920
1436
1987
1194
1264
380
432
1898
864
1441
190
816
1467
1518
1502
196
178
976
269
1367
1279
252
792
958
425
1133
1446
1278
1922
1076
1837
1508
1748
168
1886
229
407
1778
27
1395
421
78
238
1368
1219
684
855
1432
519
290
1721
1945
1637
32
1783
880
1017
709
944
1297
1291
854
801
824
1873
1582
907
1473
738
488
1566
784
1586
1775
1200
325
1826
1969
1797
164
1245
120
909
1547
1459
198
1667
1156
788
1910
362
1787
1736
1071
1696
1069
239
329
938
636
1036
1983
1067
1928
1548
832
1456
627
631
613
1101
594
248
1872
1199
814
225
1000
1669
1540
1560
343
1216
673
1627
65
335
978
203
572
1205
571
15
1991
284
1487
1050
485
64
981
1183
1653
1266
1488
227
423
1106
360
1105
304
1728
1623
1299
201
860
796
703
551
1308
1315
575
888
1918
1427
336
656
1764
420
1144
1113
247
1541
585
894
1042
1034
47
1706
171
1909
536
1936
1112
237
620
1390
404
747
1119
381
216
746
508
364
929
1442
1093
686
1713
797
916
1856
59
1375
49
1517
535
499
1551
1895
1382
1592
316
653
72
617
1786
545
1870
812
1618
822
830
956
1756
1267
1740
204
1355
513
1486
1140
1175
1410
109
1634
1181
598
1228
1302
881
152
1544
1191
454
946
1408
1131
611
323
1226
402
1720
1243
101
988
815
1416
66
85
1176
1221
942
600
1331
592
253
1754
1694
682
925
1931
294
1656
1049
259
1587
116
1250
1914
1727
107
1759
1499
745
188
1391
1892
1497
1046
1863
473
1136
358
1589
1462
623
1153
549
825
1348
1877
1320
1443
808
861
1079
1236
1563
1424
883
1780
1742
553
187
1929
1519
568
484
58
131
782
1015
1217
53
69
1575
749
1188
1058
469
1115
1295
1543
681
84
1893
1269
57
1224
1066
492
726
1965
1857
177
1024
1643
1100
1117
1472
940
1917
209
183
243
635
1084
1029
1022
1247
520
1312
156
1099
543
626
1464
603
418
1625
1735
891
1607
391
2
1240
740
1701
969
705
182
1478
1325
1272
142
1275
1032
548
587
405
406
267
1601
1889
733
1697
980
887
926
435
1923
1276
470
802
217
1004
34
1574
1238
43
1805
370
1145
559
985
1256
886
1676
1457
522
371
852
184
871
1730
412
1376
1230
80
309
1919
135
510
1664
1001
619
313
588
38
633
277
1265
482
11
185
1546
1334
220
1012
1383
1401
1905
524
1545
1261
1189
1316
1440
410
1860
539
382
935
1282
761
671
979
452
1537
83
869
1429
20
533
127
648
1187
330
751
130
1533
547
1184
1509
1023
1073
1658
170
1933
1141
1737
1130
514
903
40
478
1164
136
1813
927
1307
1807
108
1942
1031
1482
1463
1167
1781
1572
319
215
621
1628
1935
1374
687
1455
1900
1687
1284
780
1580
350
1949
1428
1253
176
444
1711
767
1328
211
245
3
1289
1364
892
1054
1506
644
1677
312
1148
758
1345
915
39
904
833
486
754
786
809
835
868
1609
694
272
882
1824
829
685
1137
1973
1168
1851
1192
1277
1593
1490
1489
25
260
967
1916
458
698
415
1406
1418
302
531
1078
1887
1475
48
689
388
117
704
303
81
1703
394
893
414
173
1743
1070
1800
1332
1419
1858
1705
223
1765
1927
1747
162
1954
98
605
18
226
299
1460
1077
820
1524
562
1825
1962
1303
1386
1116
501
1227
905
1818
1605
505
138
389
550
640
1920
1930
1845
917
1254
355
1642
770
1958
1360
1206
1373
737
434
1405
1719
271
1107
161
91
1430
385
629
318
1792
378
680
1734
222
971
1516
777
1523
1536
1090
1085
1389
1326
1208
610
1171
1481
440
676
525
1384
1597
147
54
224
1907
1976
711
897
546
874
1668
300
863
1673
1109
1
900
128
1122
41
1849
1978
710
511
1083
1300
818
1155
1534
873
1707
1447
1007
422
1337
9
1939
276
1072
688
1412
1555
140
56
1052
0
516
1649
279
347
756
363
1779
1776
1092
776
1504
1921
521
498
1426
1323
1690
1372
1549
1471
165
282
1234
1055
110
375
451
590
1638
1260
642
1938
1461
1420
716
906
285
189
1855
1717
1233
931
1435
1666
650
1600
879
351
306
1369
207
87
141
1661
1682
1579
1659
1172
1498
46
1956
1741
1051
424
1158
954
278
70
33
518
1403
1612
1500
963
707
901
506
947
1186
898
789
813
563
1161
1292
1619
1718
1035
10
