1123
1045
464
1561
896
1585
494
193
500
1527
1883
174
480
137
1124
155
701
1212
467
1595
1531
509
664
1896
106
1994
798
943
1311
1862
821
1415
731
157
1356
552
1397
844
1248
340
1465
132
643
166
1647
773
557
90
74
1932
1433
143
1057
1013
1496
1751
987
471
1635
1985
884
504
92
1610
1474
691
622
790
1003
1210
955
657
1485
787
181
1450
1330
1644
349
1980
1346
1714
146
373
827
160
1213
1381
596
839
949
29
1327
1793
970
675
678
1512
387
210
841
1407
179
1314
419
95
723
1715
597
1218
301
1380
1990
1866
398
1363
997
1731
270
591
1476
718
133
1336
1273
851
637
803
1103
1313
810
1798
1835
30
604
1944
1875
118
328
1632
1665
1422
914
322
1296
1030
1616
144
532
836
320
447
1068
1413
1309
876
1438
804
1841
497
393
1617
933
1809
1026
1940
1663
1654
1806
439
44
517
14
1242
8
1970
774
811
291
1815
910
959
720
847
607
1839
1047
794
1583
1620
1529
712
1591
952
528
283
466
310
1998
858
