1123
1045
464
1561
896
1585
494
193
500
1527
1883
174
480
137
1124
155
701
1212
467
1595
1531
509
664
1896
106
1994
798
943
1311
1862
821
1415
731
157
1356
552
1397
844
1248
340
1465
132
643
166
1647
773
557
90
74
1932
1433
143
1057
1013
1496
1751
987
471
1635
1985
884
504
92
1610
1474
691
622
790
1003
1210
955
657
1485
787
181
1450
1330
1644
349
1980
1346
1714
146
373
827
160
1213
1381
596
839
949
29
1327
1793
970
675
678
1512
387
210
841
1407
179
1314
419
95
723
1715
597
1218
301
1380
1990
1866
398
1363
997
1731
270
591
1476
718
133
1336
1273
851
637
803
1103
1313
810
1798
1835
30
604
1944
1875
118
328
1632
1665
1422
914
322
1296
1030
1616
144
532
836
320
447
1068
1413
1309
876
1438
804
1841
497
393
1617
933
1809
1026
1940
1663
1654
1806
439
44
517
14
1242
8
1970
774
811
291
1815
910
959
720
847
607
1839
1047
794
1583
1620
1529
712
1591
952
528
283
466
310
1998
858
475
441
679
805
1220
1039
1795
1692
1340
1636
1567
765
1986
1688
61
1670
359
1204
1377
727
665
399
487
1629
249
1458
817
862
1453
1114
366
426
1285
1160
1166
97
730
1149
123
1021
1621
649
1951
1142
1861
826
1904
31
1774
1843
995
17
1558
37
76
250
1709
544
403
638
1480
714
670
651
195
1396
558
911
1025
1503
1329
1008
1777
583
479
695
1120
1059
1689
885
1195
462
77
890
1838
1088
1755
1770
1645
287
950
121
214
602
1925
961
1281
453
1414
1501
1132
753
1853
1878
984
1984
573
1522
837
1129
1974
1576
937
1941
1650
574
361
1559
1542
1834
1959
1402
262
1749
1398
408
1684
264
240
192
274
483
442
1588
342
16
1431
228
1681
554
760
273
390
1992
1915
234
1324
1177
503
527
717
99
1249
456
191
103
842
1165
326
652
1287
1850
1885
1614
1535
1827
999
1660
1564
1801
646
1961
489
919
936
1729
1425
104
1182
450
50
1214
1757
1043
795
1871
417
1357
1091
667
384
1752
1911
1964
1162
1359
457
368
1423
1648
331
295
1174
1399
1404
257
1014
1019
908
736
785
1257
1556
1557
567
729
1671
96
877
502
1604
86
960
1362
1539
569
36
666
337
1819
850
1074
7
576
706
647
586
45
1280
1532
199
1782
286
1477
1948
397
212
732
1225
461
1888
1038
1454
1967
989
921
1411
197
930
1121
1890
1044
1831
490
1321
230
1075
1702
254
1578
1799
266
1753
1768
477
1087
768
1290
445
1712
1686
1005
1062
1494
298
700
1064
105
1679
55
589
1823
1833
1553
392
615
1229
1370
1394
251
1832
1573
735
172
1844
983
42
1179
1514
1466
1675
1190
338
523
1053
1733
491
1080
1445
1139
1081
1169
743
1624
374
945
89
713
515
1816
1469
1392
1385
1294
1674
23
459
1744
1009
1804
51
674
111
1899
778
1846
968
566
966
793
721
1493
333
1089
616
530
443
1698
159
94
725
856
924
1341
1301
396
1847
1894
1437
348
507
859
1108
556
1829
119
186
256
1128
167
1766
1263
920
1436
1987
1194
1264
380
432
1898
864
1441
190
816
1467
1518
1502
196
178
976
